2001 10 11 30
2001 11 5 22
2001 12 18 26
2001 13 17 24
2001 14 2 27
2001 15 12 24
2001 16 11 25
2001 17 13 26
2001 18 15 27
2001 19 12 28
2001 20 7 29
2001 21 4 26
2001 22 8 24
2001 23 10 23
2343 10 12 14
2343 11 12 16
2343 12 17 26
2343 13 13 23
2343 14 7 22
2343 15 15 21
2343 16 22 18
2343 17 24 21
2343 18 5 14
2343 19 8 23
2343 20 16 24
2343 21 14 26
2343 22 13 25
2343 23 11 22
4532 10 14 25
4532 11 15 26
4532 12 12 31
4532 13 13 31
4532 14 10 33
4532 15 19 26
4532 16 21 27
4532 17 14 28
4532 18 2 29
4532 19 1 25
4532 20 14 30
4532 21 9 27
4532 22 7 29
4532 23 11 26
3291 10 4 14
3291 11 3 15
3291 12 7 17
3291 13 5 18
3291 14 1 15
3291 15 2 16
3291 16 2 13
3291 17 1 12
3291 18 7 16
3291 19 6 11
3291 20 8 14
3291 21 4 15
3291 22 3 19
3291 23 11 18
9028 10 23 32
9028 11 22 31
9028 12 19 30
9028 13 23 32
9028 14 13 31
9028 15 17 29
9028 16 2 28
9028 17 5 32
9028 18 15 30
9028 19 21 29
9028 20 18 32
9028 21 19 31
9028 22 34 29
9028 23 23 28